拓扑节点数: 7，拓扑边数: 11
--------------- LOOP START --------------
距离矢量矩阵:
     0     2     5     1   Inf   Inf   Inf
     2     0     3     2   Inf   Inf   Inf
     5     3     0     3     1     5   Inf
     1     2     3     0     1   Inf   Inf
   Inf   Inf     1     1     0     2   Inf
   Inf   Inf     5   Inf     2     0     1
   Inf   Inf   Inf   Inf   Inf     1     0

下一跳矩阵:
     0     2     3     4     0     0     0
     1     0     3     4     0     0     0
     1     2     0     4     5     6     0
     1     2     3     0     5     0     0
     0     0     3     4     0     6     0
     0     0     3     0     5     0     7
     0     0     0     0     0     6     0

---------------- LOOP 1 ----------------
距离矩阵:
     0     2     4     1     2     9   Inf
     2     0     3     2     3     8   Inf
     3     3     0     2     1     3     6
     1     2     2     0     1     3   Inf
     2     3     1     1     0     2     3
     4     5     3     3     2     0     1
     5     6     4     4     3     1     0

下一跳矩阵:
     0     2     4     4     4     4     0
     1     0     3     4     4     3     0
     5     2     0     5     5     5     6
     1     2     5     0     5     5     0
     4     4     3     4     0     6     6
     5     5     5     5     5     0     7
     6     6     6     6     6     6     0

---------------- LOOP 2 ----------------
距离矩阵:
     0     2     3     1     2     4    10
     2     0     3     2     3     5     9
     3     3     0     2     1     3     4
     1     2     2     0     1     3     4
     2     3     1     1     0     2     3
     4     5     3     3     2     0     1
     5     6     4     4     3     1     0

下一跳矩阵:
     0     2     4     4     4     4     4
     1     0     3     4     4     4     3
     5     2     0     5     5     5     5
     1     2     5     0     5     5     5
     4     4     3     4     0     6     6
     5     5     5     5     5     0     7
     6     6     6     6     6     6     0

---------------- LOOP 3 ----------------
距离矩阵:
     0     2     3     1     2     4     5
     2     0     3     2     3     5     6
     3     3     0     2     1     3     4
     1     2     2     0     1     3     4
     2     3     1     1     0     2     3
     4     5     3     3     2     0     1
     5     6     4     4     3     1     0

下一跳矩阵:
     0     2     4     4     4     4     4
     1     0     3     4     4     4     4
     5     2     0     5     5     5     5
     1     2     5     0     5     5     5
     4     4     3     4     0     6     6
     5     5     5     5     5     0     7
     6     6     6     6     6     6     0

路由收敛，总传输次数 58 次，总传输包大小 306 。
达到循环次数上限或路由收敛，路由信息计算结束。

6-7链路断开...

重新计算路由...
--------------- LOOP START --------------
距离矢量矩阵:
     0     2     3     1     2     4     5
     2     0     3     2     3     5     6
     3     3     0     2     1     3     4
     1     2     2     0     1     3     4
     2     3     1     1     0     2     3
     4     5     3     3     2     0   Inf
   Inf   Inf   Inf   Inf   Inf   Inf     0

下一跳矩阵:
     0     2     4     4     4     4     4
     1     0     3     4     4     4     4
     5     2     0     5     5     5     5
     1     2     5     0     5     5     5
     4     4     3     4     0     6     6
     5     5     5     5     5     0     0
     0     0     0     0     0     0     0

---------------- LOOP 1 ----------------
距离矩阵:
     0     2     3     1     2     4     5
     2     0     3     2     3     5     6
     3     3     0     2     1     3     4
     1     2     2     0     1     3     4
     2     3     1     1     0     2     7
     4     5     3     3     2     0     5
   Inf   Inf   Inf   Inf   Inf   Inf     0

下一跳矩阵:
     0     2     4     4     4     4     4
     1     0     3     4     4     4     4
     5     2     0     5     5     5     5
     1     2     5     0     5     5     5
     4     4     3     4     0     6     6
     5     5     5     5     5     0     5
     0     0     0     0     0     0     0

---------------- LOOP 2 ----------------
距离矩阵:
     0     2     3     1     2     4     5
     2     0     3     2     3     5     6
     3     3     0     2     1     3     6
     1     2     2     0     1     3     6
     2     3     1     1     0     2     5
     4     5     3     3     2     0     7
   Inf   Inf   Inf   Inf   Inf   Inf     0

下一跳矩阵:
     0     2     4     4     4     4     4
     1     0     3     4     4     4     4
     5     2     0     5     5     5     5
     1     2     5     0     5     5     5
     4     4     3     4     0     6     3
     5     5     5     5     5     0     5
     0     0     0     0     0     0     0

---------------- LOOP 3 ----------------
距离矩阵:
     0     2     3     1     2     4     7
     2     0     3     2     3     5     8
     3     3     0     2     1     3     8
     1     2     2     0     1     3     8
     2     3     1     1     0     2     7
     4     5     3     3     2     0     9
   Inf   Inf   Inf   Inf   Inf   Inf     0

下一跳矩阵:
     0     2     4     4     4     4     4
     1     0     3     4     4     4     4
     5     2     0     5     5     5     5
     1     2     5     0     5     5     5
     4     4     3     4     0     6     3
     5     5     5     5     5     0     5
     0     0     0     0     0     0     0

---------------- LOOP 4 ----------------
距离矩阵:
     0     2     3     1     2     4     9
     2     0     3     2     3     5    10
     3     3     0     2     1     3    10
     1     2     2     0     1     3    10
     2     3     1     1     0     2     9
     4     5     3     3     2     0    11
   Inf   Inf   Inf   Inf   Inf   Inf     0

下一跳矩阵:
     0     2     4     4     4     4     4
     1     0     3     4     4     4     4
     5     2     0     5     5     5     5
     1     2     5     0     5     5     5
     4     4     3     4     0     6     3
     5     5     5     5     5     0     5
     0     0     0     0     0     0     0

---------------- LOOP 5 ----------------
距离矩阵:
     0     2     3     1     2     4    11
     2     0     3     2     3     5    12
     3     3     0     2     1     3    12
     1     2     2     0     1     3    12
     2     3     1     1     0     2    11
     4     5     3     3     2     0    13
   Inf   Inf   Inf   Inf   Inf   Inf     0

下一跳矩阵:
     0     2     4     4     4     4     4
     1     0     3     4     4     4     4
     5     2     0     5     5     5     5
     1     2     5     0     5     5     5
     4     4     3     4     0     6     3
     5     5     5     5     5     0     5
     0     0     0     0     0     0     0

---------------- LOOP 6 ----------------
距离矩阵:
     0     2     3     1     2     4    13
     2     0     3     2     3     5    14
     3     3     0     2     1     3    14
     1     2     2     0     1     3    14
     2     3     1     1     0     2    13
     4     5     3     3     2     0    15
   Inf   Inf   Inf   Inf   Inf   Inf     0

下一跳矩阵:
     0     2     4     4     4     4     4
     1     0     3     4     4     4     4
     5     2     0     5     5     5     5
     1     2     5     0     5     5     5
     4     4     3     4     0     6     3
     5     5     5     5     5     0     5
     0     0     0     0     0     0     0

---------------- LOOP 7 ----------------
距离矩阵:
     0     2     3     1     2     4    15
     2     0     3     2     3     5    16
     3     3     0     2     1     3    16
     1     2     2     0     1     3    16
     2     3     1     1     0     2    15
     4     5     3     3     2     0    17
   Inf   Inf   Inf   Inf   Inf   Inf     0

下一跳矩阵:
     0     2     4     4     4     4     4
     1     0     3     4     4     4     4
     5     2     0     5     5     5     5
     1     2     5     0     5     5     5
     4     4     3     4     0     6     3
     5     5     5     5     5     0     5
     0     0     0     0     0     0     0

---------------- LOOP 8 ----------------
距离矩阵:
     0     2     3     1     2     4    17
     2     0     3     2     3     5    18
     3     3     0     2     1     3    18
     1     2     2     0     1     3    18
     2     3     1     1     0     2    17
     4     5     3     3     2     0    19
   Inf   Inf   Inf   Inf   Inf   Inf     0

下一跳矩阵:
     0     2     4     4     4     4     4
     1     0     3     4     4     4     4
     5     2     0     5     5     5     5
     1     2     5     0     5     5     5
     4     4     3     4     0     6     3
     5     5     5     5     5     0     5
     0     0     0     0     0     0     0

---------------- LOOP 9 ----------------
距离矩阵:
     0     2     3     1     2     4    19
     2     0     3     2     3     5    20
     3     3     0     2     1     3    20
     1     2     2     0     1     3    20
     2     3     1     1     0     2    19
     4     5     3     3     2     0    21
   Inf   Inf   Inf   Inf   Inf   Inf     0

下一跳矩阵:
     0     2     4     4     4     4     4
     1     0     3     4     4     4     4
     5     2     0     5     5     5     5
     1     2     5     0     5     5     5
     4     4     3     4     0     6     3
     5     5     5     5     5     0     5
     0     0     0     0     0     0     0

---------------- LOOP 10 ----------------
距离矩阵:
     0     2     3     1     2     4    21
     2     0     3     2     3     5    22
     3     3     0     2     1     3    22
     1     2     2     0     1     3    22
     2     3     1     1     0     2    21
     4     5     3     3     2     0    23
   Inf   Inf   Inf   Inf   Inf   Inf     0

下一跳矩阵:
     0     2     4     4     4     4     4
     1     0     3     4     4     4     4
     5     2     0     5     5     5     5
     1     2     5     0     5     5     5
     4     4     3     4     0     6     3
     5     5     5     5     5     0     5
     0     0     0     0     0     0     0

---------------- LOOP 11 ----------------
距离矩阵:
     0     2     3     1     2     4    23
     2     0     3     2     3     5    24
     3     3     0     2     1     3    24
     1     2     2     0     1     3    24
     2     3     1     1     0     2    23
     4     5     3     3     2     0    25
   Inf   Inf   Inf   Inf   Inf   Inf     0

下一跳矩阵:
     0     2     4     4     4     4     4
     1     0     3     4     4     4     4
     5     2     0     5     5     5     5
     1     2     5     0     5     5     5
     4     4     3     4     0     6     3
     5     5     5     5     5     0     5
     0     0     0     0     0     0     0

---------------- LOOP 12 ----------------
距离矩阵:
     0     2     3     1     2     4    25
     2     0     3     2     3     5    26
     3     3     0     2     1     3    26
     1     2     2     0     1     3    26
     2     3     1     1     0     2    25
     4     5     3     3     2     0    27
   Inf   Inf   Inf   Inf   Inf   Inf     0

下一跳矩阵:
     0     2     4     4     4     4     4
     1     0     3     4     4     4     4
     5     2     0     5     5     5     5
     1     2     5     0     5     5     5
     4     4     3     4     0     6     3
     5     5     5     5     5     0     5
     0     0     0     0     0     0     0

---------------- LOOP 13 ----------------
距离矩阵:
     0     2     3     1     2     4    27
     2     0     3     2     3     5    28
     3     3     0     2     1     3    28
     1     2     2     0     1     3    28
     2     3     1     1     0     2    27
     4     5     3     3     2     0    29
   Inf   Inf   Inf   Inf   Inf   Inf     0

下一跳矩阵:
     0     2     4     4     4     4     4
     1     0     3     4     4     4     4
     5     2     0     5     5     5     5
     1     2     5     0     5     5     5
     4     4     3     4     0     6     3
     5     5     5     5     5     0     5
     0     0     0     0     0     0     0

---------------- LOOP 14 ----------------
距离矩阵:
     0     2     3     1     2     4    29
     2     0     3     2     3     5    30
     3     3     0     2     1     3    30
     1     2     2     0     1     3    30
     2     3     1     1     0     2    29
     4     5     3     3     2     0    31
   Inf   Inf   Inf   Inf   Inf   Inf     0

下一跳矩阵:
     0     2     4     4     4     4     4
     1     0     3     4     4     4     4
     5     2     0     5     5     5     5
     1     2     5     0     5     5     5
     4     4     3     4     0     6     3
     5     5     5     5     5     0     5
     0     0     0     0     0     0     0

---------------- LOOP 15 ----------------
距离矩阵:
     0     2     3     1     2     4    31
     2     0     3     2     3     5    32
     3     3     0     2     1     3    32
     1     2     2     0     1     3    32
     2     3     1     1     0     2    31
     4     5     3     3     2     0    33
   Inf   Inf   Inf   Inf   Inf   Inf     0

下一跳矩阵:
     0     2     4     4     4     4     4
     1     0     3     4     4     4     4
     5     2     0     5     5     5     5
     1     2     5     0     5     5     5
     4     4     3     4     0     6     3
     5     5     5     5     5     0     5
     0     0     0     0     0     0     0

---------------- LOOP 16 ----------------
距离矩阵:
     0     2     3     1     2     4    33
     2     0     3     2     3     5    34
     3     3     0     2     1     3    34
     1     2     2     0     1     3    34
     2     3     1     1     0     2    33
     4     5     3     3     2     0    35
   Inf   Inf   Inf   Inf   Inf   Inf     0

下一跳矩阵:
     0     2     4     4     4     4     4
     1     0     3     4     4     4     4
     5     2     0     5     5     5     5
     1     2     5     0     5     5     5
     4     4     3     4     0     6     3
     5     5     5     5     5     0     5
     0     0     0     0     0     0     0

达到循环次数上限或路由收敛，路由信息计算结束。