拓扑节点数: 7，拓扑边数: 11
--------------- LOOP START --------------
距离矢量矩阵:
     0     2     5     1   Inf   Inf   Inf
     2     0     3     2   Inf   Inf   Inf
     5     3     0     3     1     5   Inf
     1     2     3     0     1   Inf   Inf
   Inf   Inf     1     1     0     2   Inf
   Inf   Inf     5   Inf     2     0     1
   Inf   Inf   Inf   Inf   Inf     1     0

下一跳矩阵:
     0     2     3     4     0     0     0
     1     0     3     4     0     0     0
     1     2     0     4     5     6     0
     1     2     3     0     5     0     0
     0     0     3     4     0     6     0
     0     0     3     0     5     0     7
     0     0     0     0     0     6     0

---------------- LOOP 1 ----------------
距离矩阵:
     0     2     4     1     2     9   Inf
     2     0     3     2     3     8   Inf
     3     3     0     2     1     3     6
     1     2     2     0     1     3   Inf
     2     3     1     1     0     2     3
     4     5     3     3     2     0     1
     5     6     4     4     3     1     0

下一跳矩阵:
     0     2     4     4     4     4     0
     1     0     3     4     4     3     0
     5     2     0     5     5     5     6
     1     2     5     0     5     5     0
     4     4     3     4     0     6     6
     5     5     5     5     5     0     7
     6     6     6     6     6     6     0

---------------- LOOP 2 ----------------
距离矩阵:
     0     2     3     1     2     4    10
     2     0     3     2     3     5     9
     3     3     0     2     1     3     4
     1     2     2     0     1     3     4
     2     3     1     1     0     2     3
     4     5     3     3     2     0     1
     5     6     4     4     3     1     0

下一跳矩阵:
     0     2     4     4     4     4     4
     1     0     3     4     4     4     3
     5     2     0     5     5     5     5
     1     2     5     0     5     5     5
     4     4     3     4     0     6     6
     5     5     5     5     5     0     7
     6     6     6     6     6     6     0

---------------- LOOP 3 ----------------
距离矩阵:
     0     2     3     1     2     4     5
     2     0     3     2     3     5     6
     3     3     0     2     1     3     4
     1     2     2     0     1     3     4
     2     3     1     1     0     2     3
     4     5     3     3     2     0     1
     5     6     4     4     3     1     0

下一跳矩阵:
     0     2     4     4     4     4     4
     1     0     3     4     4     4     4
     5     2     0     5     5     5     5
     1     2     5     0     5     5     5
     4     4     3     4     0     6     6
     5     5     5     5     5     0     7
     6     6     6     6     6     6     0

路由收敛，总传输次数 58 次，总传输包大小 306 。
达到循环次数上限或路由收敛，路由信息计算结束。