完成第1次泛洪迭代...

MST =

     0     2     0     1     0     0     0
     2     0     0     0     0     0     0
     0     0     0     0     1     5     0
     1     0     0     0     1     0     0
     0     0     1     1     0     0     0
     0     0     5     0     0     0     0
     0     0     0     0     0     0     0

完成第2次泛洪迭代...

MST =

     0     2     0     1     0     0     0
     2     0     0     0     0     0     0
     0     0     0     0     1     0     0
     1     0     0     0     1     0     0
     0     0     1     1     0     2     0
     0     0     0     0     2     0     1
     0     0     0     0     0     1     0

完成第3次泛洪迭代...

MST =

     0     2     0     1     0     0     0
     2     0     0     0     0     0     0
     0     0     0     0     1     0     0
     1     0     0     0     1     0     0
     0     0     1     1     0     2     0
     0     0     0     0     2     0     1
     0     0     0     0     0     1     0

完成第4次泛洪迭代...

MST =

     0     2     0     1     0     0     0
     2     0     0     0     0     0     0
     0     0     0     0     1     0     0
     1     0     0     0     1     0     0
     0     0     1     1     0     2     0
     0     0     0     0     2     0     1
     0     0     0     0     0     1     0

路由收敛，总传输次数 112 次，总传输包大小 240。